9254835974458887629672873635789957411886024698554157393849494864228024962939550688297074527198420261051675205999609689838587412
7948702662533481896767559573369920938242346354580061545409242090168773727371802699309443935396635866263937828773324526334321892
7929250312741837331511829643632683169694074912332726993582394725302853411901337696207186358524323117172520907433878952968176465
9486937364148093931718552300016332142708943190856638524388888569011747617956915519539025796115901484762122047712200094207683584
0703675740855407318047361595661595146837376373951978537785605481083388906490085533348547865459237835407372374738389274773789264
3524314516560200536698529022539598732463389124803873184044464663165630452635665559603483233341839268186056673186867104904449866
3388466377320953222057779182433549144340237502432464295061371141084500222833875925546082542869030852833895137466510262849050187
2359980877010447170873386178573828860442255448874794721230413368694441497441338856684036949118353204002591974711928301953002372
6372613557152801003023836434406997863096739346637849381675791163293956729985652182807911615231198696051411047800847064484769940
4555399892730282159333189930818248844009737851281434494736943722577947684829017806688345340403991974811107725657399196027995602
3976607710681047393460981746843991626375149576917517874980586155555711990727221948467045177979554215577477183785345135535682148
8981224019853812859833307577420310576654838103212699667682513798088777109119729024038590682109547975734687407898816774007038892
9017123764104410282402525387418186790830943654104676998756681754083664849203556615995024922746652778319099999725942494552746687
4602993085345245279681119328539229356959910969065035141679707233267342542524482900839390718291823532073464112692162110160887576
8646564120617234541914353449310981315044240998894442066188871011899825887695202156119273906958004776559173081177243291448706570
4866033151494706872899672197703352421058356661105030485577210664650513250767511742264039882291373723618030276740280451621184372
9438899492601727676139376045138079061355198567322008270344297244790265795845160675322685239683610065522225253070076549915962270
8389935622999431104891971065250599273560270041530059453015141663393829191008304620453278274234791447194116642959854046669653221
4390066870930359126190473237338490788280116222078414392005864878004044572924012489353108185972058375678318527434060575546457283
0571024164252835918003185534087097269093594036226831977994875139354124615791501602629221816855731144878875700135493432353006251
5927821910139360288795697248742701824779517711136895716699422565064551330393130338804982871980774254446227613970394730940420871
3742377272014443550088749485134437400845098911378170974616143540710504172620523980130687874417124218036934374655684373965565750
1478423915766121994159683752043056020433068572256778826939436280481378432842397489866548450027752963017529841096517341127140258
8566764493817154363962092792522076892737665735147823735202597353071978920287229637466345140359899735477359400126088124931881468
8940255760337363163978793913265843793885760290540433771518954295210648595347128727773745692808704267887587662204824695198843990
0899757006576147578169404543275069681042994730814241204020586377450354179962282687398746645565905502250948590090052580759060254
6486974981051360582508378437652320531515639324364424491392656403886587101611394285202791775180181840494403192370521504242888310
0832863857962097233772304981176182241414796661234070317886749751979535621508014316193777356696545211120669034308685700669047575
1601920560631092775469657814901382577801938745924198963515833985856042317888652481510158158143597978988591350058772254540887509
2132235148831014717469033542114409228818750252221985002159849994061876844567039235968616101425307518401162305005282076459564485
3749005491254116003221964938075605607977980187695543266859111481060871108661145469674590183816636520815523589998805144183387552
3454557776795930937812464849331806246436437524220402821725671887519345824588678830784061509096255092713692879753496348543679698
6604711892156464428503873379368266697844691398807542828869396127474509499861163107833096454590997165019449027223124752455672795
1464056065563451406292025100441586772081609300298880665395988771146415490692648836974652685280576941091682396423173897267646839
0355383165630525414486907132932207574564820206814521900700480593494653392345246480522618317569197186894847097184780188176595384
2234714652935409724403164799544553996270776652429105659472464101488105672623286713328942045106946821859926624587221567145826782
0309935578008890373154226142294034025862773115052182464935233315361839771441799453095926400038395389556682588458216003237653863
1061156071932484650516913321439215405043703716040614962270232640142284681169472791577978618224769535957766957086206741391709970
7647351716205014294072195135184469100518783539374945598848168573993875333505334011212625117442647232720744618603822330582078365
6190042304849971211815384939288709598033150233044255711655989057889996862762413082297341687788607689416591830790638752880761817
3350993967482666602170935703513835999165561197161777938477157925978429670778105685120890113130859239045083522459241247368307415
5460081669964922086720150722963115784946235169601550836667474277946931369187925788894576312382075479577915204545165252523196796
9483728931707116749644793319165741326903913011722074179317419072713429472369240811255731316334667969479890293999075667048649131
347926589128226086208696790422088446511749461154540070308470454488783535318141900958816289412388611370858697615498746416636102261400237788596935028958347787028
3125589335242227429164632721324285385335478344437654660712476162463759322956724441170491898597020350367163787012219584863841888
6802337989299969519242898184367047999251583706804577726542893830886334416591927545136810611568115854449708934129157129519681281
4502536799805954583144549032621959969753071050956941684132891200046324576389173182566153807220810192479638581311891427849367417
6325541021938064574977797529368876421571303611445571554655335842928934553745122110842178236045825160364424732178843094315127909
7416551206319999579172591987511489686313571898121634456963111089610744020435972487389528243640299599133169203384400119064268257
5942558924368052900576494867848083529988242331335385049200017447913990221665638834941940132033114280719741451021709322013495656
3034267296680277379429583962288582457402893052674209528241394670330734634693333770067544918231098413897817493181756172191761769
